0
0
-1
-1
0
1
0
-1
-1
-1
0
-1
-1
-1
0
2
0
-1
0
-1
0
0
-1
-1
0
3
4
-1
-1
-1
-1
-1
-1
-1
-1
-1
-1
-1
-1
-1
5
-1
1
-1
0
0
0
0
0
0
-1
1
-1
-1
-1
-1
0
0
0
0
0
0
0
0
0
6
0
7
0
0
8
9
10
4
0
0
0
0
1
11
0
1
-1
-1
0
-1
-1
-1
-1
1
0
0
-1
-1
-1
-1
12
13
2
14
0
0
0
0
0
0
0
0
0
0
15
-1
0
0
0
-1
0
-1
11
0
9
-1
-1
-1
16
-1
-1
10
0
-1
-1
4
-1
0
-1
17
3
18
0
0
11
0
19
8
18
-1
-1
-1
-1
-1
-1
1
0
0
-1
0
-1
-1
-1
-1
-1
-1
0
0
-1
-1
-1
-1
0
0
-1
0
4
-1
-1
0
0
0
0
0
0
0
0
0
0
0
-1
0
0
0
-1
-1
0
0
0
0
0
0
0
0
1
-1
0
-1
-1
20
0
0
1
0
-1
0
-1
-1
0
-1
-1
12
0
21
0
22
-1
0
23
1
0
20
0
0
-1
1
-1
-1
-1
-1
-1
-1
0
-1
0
4
-1
-1
0
-1
-1
0
-1
1
-1
-1
0
0
12
21
0
-1
0
0
0
0
0
0
0
0
0
0
0
0
0
13
2
14
-1
0
-1
-1
0
-1
-1
0
-1
-1
-1
-1
-1
0
-1
6
0
-1
-1
22
4
0
1
-1
-1
-1
-1
-1
1
-1
-1
0
-1
-1
0
24
-1
-1
0
0
-1
0
-1
0
6
0
0
7
0
0
-1
-1
0
0
-1
4
-1
0
0
0
3
-1
0
4
0
0
-1
-1
0
-1
-1
0
0
0
0
-1
0
0
0
0
0
0
0
-1
0
-1
0
0
-1
-1
-1
-1
0
0
-1
0
0
0
0
0
1
0
0
0
0
0
0
-1
-1
-1
25
-1
-1
0
-1
-1
-1
1
-1
-1
-1
0
0
-1
1
-1
0
19
-1
-1
0
-1
23
20
0
0
-1
-1
-1
1
0
0
-1
0
-1
0
0
26
-1
0
0
0
26
0
0
-1
0
0
-1
-1
-1
0
27
0
0
-1
-1
-1
-1
-1
-1
-1
-1
0
0
0
0
0
-1
-1
1
1
24
-1
1
-1
-1
1
-1
9
28
4
0
0
0
-1
-1
-1
0
0
0
0
0
0
-1
0
0
-1
0
0
0
-1
-1
0
-1
-1
-1
27
-1
-1
-1
0
0
2
0
0
0
-1
-1
16
-1
-1
0
-1
0
-1
20
-1
-1
-1
-1
-1
-1
0
-1
15
0
6
-1
1
0
-1
0
-1
0
-1
0
0
0
0
-1
0
0
0
0
-1
0
0
29
1
-1
0
1
30
0
0
1
0
11
29
1
-1
0
-1
25
5
31
-1
-1
1
-1
0
-1
0
-1
-1
-1
0
0
9
0
3
-1
-1
6
0
0
-1
-1
-1
0
-1
-1
0
0
-1
31
30
1
11
0
4
0
0
1
-1
-1
-1
-1
24
0
0
0
0
19
18
0
-1
28
4
-1
0
0
0
0
0
-1
0
-1
0
0
0
0
23
0
1
-1
1
-1
-1
17
0
-1
6
4
-1
-1
0
-1
30
1
